0,390
0,389
0,388
0,387
0,386
0,385
0,384
0,319
3,2
34,3
10,206
10,32
34,2
34,1
34,0
33,3
10,24
10,198
33,2
33,1
33,0
32,3
10,151
10,2
10,3
32,2
32,1
32,0
31,5
31,4
31,3
31,2
31,1
31,0
30,4
30,3
11,14
11,13
11,11
30,2
30,1
30,0
29,6
29,5
29,4
29,3
11,19
29,2
29,1
29,0
28,4
28,3
11,23
28,2
28,1
11,21
11,2
11,3
28,0
27,5
27,4
27,3
9,4
27,2
27,1
27,0
26,4
26,3
9,6
9,2
9,3
26,2
26,1
26,0
25,4
25,3
8,6
8,12
25,2
25,1
25,0
24,4
24,3
8,15
8,9
8,8
8,5
24,2
24,1
24,0
23,4
23,3
8,7
8,2
8,3
23,2
23,1
23,0
11,30
12,2
12,1
12,3
11,29
11,28
11,27
